1,0,0.89,1974
2,0,0.907,1974
3,0,0.9076,2282
4,0,0.9129,2371
5,0,0.8947,2371
6,5,0.9195,1976
7,5,0.9083,1947
8,5,0.9193,1957
9,4,0.9135,1947
10,4,0.921,1445
11,4,0.8935,1957
12,1,0.9277,1721
13,1,0.9217,1734
14,1,0.9197,1727
15,1,0.9235,1740
16,3,0.9014,1942
17,3,0.9225,1862
18,3,0.9303,1953
19,3,0.9075,1785
20,2,0.9202,1710
21,2,0.8959,1723
22,2,0.9209,1716
23,2,0.9105,1729
24,18,0.9218,1704
25,18,0.9264,1496
26,18,0.9263,1589
27,18,0.9181,1711
28,15,0.9106,1268
29,15,0.8924,1268
30,15,0.9119,1411
31,15,0.9109,1319
32,13,0.9075,910
33,13,0.8995,910
34,13,0.9159,1246
35,13,0.8994,917
36,17,0.9305,1551
37,17,0.9286,1501
38,17,0.9066,1501
39,17,0.9182,1381
40,12,0.917,1400
41,12,0.916,1262
42,12,0.9019,1262
43,12,0.9096,1405
44,18,0.9303,1695
45,12,0.9277,1350
46,44,0.93,1381
47,44,0.931,917
48,44,0.92,994
49,44,0.9434,917
50,25,0.9088,912
51,25,0.9235,912
52,25,0.9295,989
53,25,0.9112,912
54,37,0.9207,1494
55,37,0.905,1390
56,37,0.9143,1060
57,37,0.9244,903
58,36,0.8806,1541
59,36,0.9076,1438
60,36,0.9042,1232
61,36,0.897,1224
62,45,0.9366,1388
63,45,0.8794,1449
64,45,0.9434,1449
65,45,0.9107,1462
66,36,0.9305,937
67,62,0.9042,1047
68,62,0.9235,1038
69,62,0.9254,1069
70,62,0.9404,1057
71,47,0.9392,1245
72,47,0.9156,1077
73,47,0.9199,1203
74,47,0.9169,1215
75,64,0.9471,1002
76,64,0.9277,1152
77,64,0.9336,887
78,64,0.9277,1141
79,49,0.9179,1077
80,49,0.937,1200
81,49,0.9073,1265
82,49,0.9329,1200
83,66,0.9076,1006
84,66,0.9294,839
85,66,0.9199,1032
86,66,0.8739,1012
87,64,0.9434,1002
88,49,0.9434,1198
89,71,0.9347,744
90,71,0.9229,760
91,71,0.9345,781
92,71,0.9224,398
93,87,0.916,158
94,87,0.9323,158
95,87,0.9355,221
96,87,0.9221,221
97,75,0.9289,158
98,75,0.9247,158
99,75,0.9451,221
100,75,0.914,221
101,70,0.9312,245
102,70,0.9344,192
103,70,0.9233,194
104,70,0.9452,227
105,88,0.8852,249
106,88,0.9266,126
107,88,0.9192,164
108,75,0.9471,221
109,87,0.9434,221
110,88,0.9434,221
111,109,0.9311,607
112,109,0.9354,40
113,108,0.939,228
114,108,0.9267,40
115,108,0.9337,207
116,104,0.9455,527
117,104,0.9365,468
118,104,0.9333,42
119,110,0.9162,45
120,110,0.9068,733
121,110,0.9139,14
122,110,0.9349,14
123,99,0.9434,228
124,99,0.9283,40
125,99,0.9297,207
126,108,0.9471,228
127,104,0.9452,527
128,99,0.9451,228
129,126,0.9465,183
130,126,0.927,196
131,126,0.9324,197
132,116,0.945,295
133,116,0.9401,216
134,116,0.9446,235
135,116,0.9435,218
136,127,0.9447,65
137,127,0.9453,65
138,127,0.9348,65
139,127,0.9436,65
140,123,0.9399,398
141,123,0.9248,412
142,123,0.9262,412
143,123,0.9328,392
144,128,0.932,183
145,128,0.9367,196
146,128,0.9311,197
147,126,0.9471,176
148,116,0.9455,292
149,127,0.9452,65
150,147,0.9316,386
151,147,0.9417,392
152,148,0.9404,481
153,148,0.9407,459
154,149,0.9457,478
155,149,0.9386,473
156,149,0.9468,473
157,149,0.9509,473
158,137,0.9369,476
159,137,0.9488,471
160,137,0.9487,471
161,129,0.9371,392
162,129,0.9377,398
163,147,0.9471,270
164,163,0.9359,351
165,163,0.935,347
166,157,0.9519,428
167,157,0.9359,434
168,157,0.9348,432
169,157,0.9442,434
170,159,0.949,426
171,159,0.9392,432
172,159,0.941,430
173,159,0.9476,432
174,160,0.9575,426
175,160,0.9298,432
176,160,0.9533,430
177,156,0.9441,428
178,156,0.931,434
179,156,0.9316,432
180,156,0.9351,434
181,157,0.9509,432
182,181,0.9458,509
183,181,0.9365,462
184,181,0.9598,445
185,170,0.9275,462
186,170,0.928,462
187,170,0.9485,513
188,170,0.9377,447
189,176,0.9558,511
190,176,0.9449,464
191,176,0.9316,464
192,176,0.9427,410
193,166,0.9544,464
194,166,0.9459,464
195,166,0.9613,449
196,174,0.9359,462
197,174,0.9381,462
198,174,0.9533,513
199,174,0.9387,447
200,174,0.9575,511
201,184,0.9519,166
202,184,0.9482,165
203,184,0.944,166
204,184,0.9467,153
205,193,0.9474,122
206,193,0.9452,122
207,193,0.9465,112
208,193,0.9395,122
209,195,0.9543,122
210,195,0.9577,122
211,195,0.9447,112
212,195,0.952,122
213,200,0.9445,35
214,200,0.9449,35
215,200,0.9306,33
216,200,0.9456,35
217,189,0.957,35
218,189,0.9364,35
219,189,0.9347,33
220,189,0.9372,35
221,195,0.9613,116
222,184,0.9598,156
223,200,0.9575,35
224,222,0.9554,37
225,222,0.9469,37
226,222,0.943,37
227,222,0.9632,37
228,210,0.9539,93
229,210,0.9406,5
230,210,0.9531,97
231,221,0.9537,93
232,223,0.9548,5
233,223,0.9432,5
234,223,0.9532,5
235,217,0.9547,65
236,217,0.9419,60
237,217,0.957,72
238,221,0.9613,5
239,222,0.9598,25
240,210,0.9577,5
241,223,0.9575,5
242,227,0.9569,81
243,227,0.9614,43
244,227,0.9495,37
245,239,0.961,6
246,239,0.9622,6
247,239,0.9561,6
248,240,0.9563,30
249,240,0.9567,30
250,238,0.9522,30
251,241,0.953,5
252,241,0.9493,5
253,227,0.9632,84
254,238,0.9613,30
255,253,0.9624,37
256,253,0.9576,37
257,243,0.9473,234
258,243,0.95,236
259,243,0.9515,234
260,245,0.9593,38
261,245,0.9611,30
262,245,0.9632,32
263,246,0.9618,43
264,246,0.9639,38
265,246,0.9416,47
266,254,0.9575,22
267,254,0.9511,28
268,254,0.9631,26
269,253,0.9632,37
270,255,0.959,240
271,255,0.9576,236
272,255,0.9558,234
273,269,0.9601,240
274,268,0.9522,243
275,262,0.9536,187
276,262,0.9596,183
277,262,0.9579,180
278,262,0.9554,180
279,264,0.9532,199
280,264,0.9586,195
281,264,0.955,192
282,264,0.9639,199
283,269,0.9632,240
284,262,0.9632,187
285,268,0.9631,247
286,255,0.9624,240
287,286,0.961,74
288,286,0.9536,106
289,286,0.9492,104
290,286,0.9622,74
291,283,0.9533,106
292,283,0.9533,104
293,283,0.9617,73
294,285,0.9625,4
295,285,0.9569,4
296,285,0.9511,4
297,285,0.9595,4
298,284,0.949,76
299,284,0.9463,88
300,284,0.947,84
301,282,0.9543,13
302,282,0.9466,13
303,282,0.9639,13
304,283,0.9632,74
305,284,0.9632,76
306,285,0.9631,4
307,304,0.9644,116
308,304,0.9619,114
309,306,0.9522,79
310,306,0.9565,81
311,305,0.961,100
312,305,0.9635,100
313,305,0.9615,100
314,303,0.9611,65
315,303,0.9633,76
316,303,0.9639,74
317,304,0.9632,112
318,317,0.9618,205
319,317,0.9532,201
320,307,0.9612,211
321,315,0.9575,100
322,315,0.9636,100
323,315,0.9615,100
324,315,0.9628,100
325,316,0.9611,4
326,316,0.9614,4
327,316,0.9594,4
328,312,0.9582,164
329,312,0.9592,164
330,307,0.9644,211
331,316,0.9639,4
332,312,0.9635,164
333,315,0.9633,100
334,330,0.9585,12
335,330,0.9606,12
336,330,0.9625,12
337,333,0.9611,5
338,331,0.9622,59
339,331,0.9618,55
340,322,0.9614,5
341,332,0.9595,5
342,332,0.9559,5
343,332,0.9578,5
344,330,0.9644,12
345,331,0.9639,80
346,322,0.9636,5
347,332,0.9635,5
348,333,0.9633,5
349,344,0.9625,4
350,344,0.9605,4
351,348,0.9611,146
352,348,0.9632,159
353,345,0.9596,140
354,345,0.9614,140
355,345,0.9622,140
356,346,0.9617,159
357,347,0.9575,5
358,347,0.9599,5
359,347,0.9585,1
360,344,0.9644,4
361,345,0.9639,140
362,346,0.9636,160
363,347,0.9635,5
364,348,0.9633,160
365,360,0.9601,45
366,360,0.9577,44
367,364,0.9616,4
368,364,0.9516,4
369,364,0.9645,4
370,361,0.9575,20
371,361,0.9637,14
372,361,0.9581,20
373,362,0.9613,4
374,362,0.9539,4
375,362,0.9604,4
376,363,0.9586,1
377,360,0.9644,47
378,361,0.9639,20
379,362,0.9636,4
380,377,0.9618,18
381,377,0.961,18
382,377,0.9576,18
383,369,0.9594,1
384,369,0.9598,5
385,378,0.9618,2
386,378,0.9579,5
387,379,0.9614,1
388,379,0.9568,5
389,371,0.9616,2
390,371,0.9585,5
391,371,0.9599,5
392,371,0.9553,2
393,369,0.9645,3
394,377,0.9644,18
395,378,0.9639,2
396,371,0.9637,2
397,379,0.9636,3
398,394,0.9575,85
399,394,0.9586,90
400,394,0.9543,90
401,393,0.9623,1
402,393,0.9598,26
403,395,0.9618,28
404,397,0.9614,1
405,396,0.9616,16
406,393,0.9645,14
407,394,0.9644,109
408,395,0.9639,31
409,396,0.9637,19
410,397,0.9636,10
411,407,0.9596,16
412,407,0.9586,16
413,406,0.9533,15
414,406,0.9615,26
415,406,0.9638,25
416,408,0.959,16
417,408,0.9617,16
418,408,0.9575,16
419,410,0.9618,26
420,410,0.9586,26
421,410,0.9629,25
422,409,0.9541,10
423,409,0.9553,10
424,409,0.9557,10
425,406,0.9645,26
426,407,0.9644,16
427,408,0.9639,16
428,409,0.9637,14
429,426,0.9634,14
430,426,0.9625,6
431,425,0.956,11
432,425,0.9629,11
433,425,0.9576,11
434,427,0.9614,79
435,427,0.9553,57
436,427,0.9585,59
437,415,0.9517,7
438,415,0.9587,11
439,415,0.9566,11
440,428,0.963,64
441,428,0.9568,46
442,428,0.9595,37
443,425,0.9645,11
444,426,0.9644,16
445,427,0.9639,67
446,415,0.9638,11
447,428,0.9637,57
448,444,0.9632,40
449,444,0.9625,40
450,443,0.9532,49
451,443,0.9622,71
452,445,0.9575,9
453,445,0.9595,17
454,446,0.9549,49
455,446,0.9616,69
456,447,0.9557,8
457,443,0.9645,57
458,444,0.9644,38
459,445,0.9639,7
460,446,0.9638,57
461,447,0.9637,7
462,458,0.9626,56
463,458,0.9652,56
464,458,0.9643,12
465,457,0.958,18
466,457,0.9575,22
467,457,0.9601,18
468,459,0.9618,19
469,459,0.9622,23
470,459,0.9642,29
471,460,0.9538,18
472,460,0.9591,22
473,460,0.9558,18
474,461,0.9616,26
475,461,0.9622,38
476,461,0.9584,40
477,457,0.9645,54
478,458,0.9644,54
479,478,0.9625,6
480,478,0.9607,6
481,478,0.9626,6
482,463,0.9635,6
483,477,0.9634,12
484,477,0.9604,33
485,477,0.9606,31
486,464,0.9661,6
487,464,0.9623,6
488,470,0.9621,16
489,470,0.9603,16
490,470,0.9639,16
491,470,0.9624,5
492,463,0.9652,6
493,477,0.9645,10
494,478,0.9644,6
495,464,0.9643,6
496,494,0.9626,11
497,494,0.9634,11
498,493,0.9627,3
499,486,0.9661,38
500,492,0.9652,11
501,493,0.9645,3
502,494,0.9644,11
503,495,0.9643,38
504,502,0.9634,1
505,501,0.9624,12
506,503,0.9625,6
507,499,0.9661,6
508,500,0.9652,1
509,501,0.9645,12
510,502,0.9644,1
511,503,0.9643,6
512,509,0.9638,5
513,509,0.9641,5
514,511,0.9625,6
515,507,0.9661,6
516,508,0.9652,16
517,509,0.9645,5
518,510,0.9644,14
519,511,0.9643,6
520,518,0.9641,4
521,516,0.9623,5
522,516,0.9647,5
523,517,0.9627,1
524,517,0.9612,1
525,519,0.9625,1
526,515,0.9661,1
527,516,0.9652,5
528,517,0.9645,1
529,518,0.9644,4
530,526,0.9661,16
531,527,0.9652,2
532,522,0.9647,1
533,528,0.9645,2
534,529,0.9644,10
535,534,0.9634,4
536,533,0.9642,4
537,530,0.9623,5
538,530,0.9661,5
539,531,0.9652,4
540,532,0.9647,2
541,533,0.9645,4
542,534,0.9644,8
543,542,0.9627,4
544,542,0.9635,6
545,542,0.9634,4
546,540,0.9648,4
547,538,0.9661,4
548,539,0.9652,5
549,540,0.9647,4
550,541,0.9645,1
551,546,0.9639,4
552,548,0.9643,4
553,547,0.9661,3
554,548,0.9652,5
555,546,0.9648,4
556,549,0.9647,4
557,550,0.9645,1
558,555,0.963,4
559,554,0.9643,2
560,556,0.9639,4
561,553,0.9661,3
562,554,0.9652,2
563,555,0.9648,5
564,556,0.9647,5
565,557,0.9645,2
566,564,0.963,1
567,561,0.9643,2
568,561,0.9661,4
569,562,0.9652,1
570,563,0.9648,1
571,564,0.9647,1
572,565,0.9645,0
573,568,0.9643,2
574,568,0.9661,2
575,569,0.9652,4
576,570,0.9648,5
577,571,0.9647,6
578,574,0.9661,1
579,575,0.9652,1
580,576,0.9648,0
581,577,0.9647,1
582,573,0.9643,1
583,578,0.9661,2
584,579,0.9652,0
585,581,0.9647,0
586,582,0.9643,0
587,583,0.9661,0
